// 2
312645078 1
312405678 2
312645078 1
312645078 2
120345678 1
312645078 2
312405678 1
142305678 2
142305678 1
142305678 2
120345678 1
312645078 2
312645078 1
142305678 2
120345678 1
312645078 2
312405678 1
312405678 2
142305678 1
312405678 2
312405678 1
312645078 2
312645078 1
312645078 2
120345678 1
142305678 2
312405678 1
120345678 2
142305678 1
120345678 2
120345678 1
142305678 2
312645078 1
120345678 2
312645078 1
120345678 2
312405678 1
312405678 2
312645078 1
312405678 2
120345678 1
142305678 2
312645078 1
120345678 2
120345678 1
312645078 2
312405678 1
120345678 2
312405678 1
312645078 2
312405678 1
312645078 2
142305678 1
120345678 2
120345678 1
142305678 2
120345678 1
120345678 2
312405678 1
312405678 2
312645078 1
312405678 2
120345678 1
142305678 2
312405678 1
120345678 2
312405678 1
142305678 2
142305678 1
142305678 2
312405678 1
312405678 2
312645078 1
312405678 2
142305678 1
312645078 2
312645078 1
312405678 2
312405678 1
142305678 2
312405678 1
312405678 2
142305678 1
120345678 2
120345678 1
142305678 2
312645078 1
120345678 2
142305678 1
120345678 2
142305678 1
312645078 2
312405678 1
120345678 2 
142305678 1
312645078 2
142305678 1
312645078 2
312405678 1
142305678 2
125348670 1

// 4
312475680 1
142358670 2
312475680 1
142375680 2
032415678 1
125304678 2
312605748 1
312605748 2
125348670 1
140352678 2
312645780 1
125348670 2
142358670 1
125304678 2
142375680 1
142375068 2
125348670 1
142375680 2
310452678 1
140352678 2
125304678 1
310452678 2
142375680 1
125348670 2
312645780 1
032415678 2
312645780 1
125304678 2
312458670 1
125348670 2
125304678 1
310452678 2
142375068 1
312475680 2
142358670 1
320415678 2
032415678 1
312645780 2
310452678 1
312605748 2
312605748 1
312605748 2
310452678 1
125348670 2
312458670 1
142375068 2
125304678 1
140352678 2
125348670 1
310452678 2
142375680 1
312645780 2
142375680 1
032415678 2
142375680 1
042135678 2
320415678 1
312605748 2
312458670 1
125348670 2
312458670 1
312645780 2
125348670 1
125304678 2
140352678 1
125304678 2
140352678 1
320415678 2
312605748 1
142358670 2
140352678 1
312645780 2
125348670 1
312475680 2
125304678 1
312645780 2
142375068 1
312605748 2
312605748 1
125304678 2
125304678 1
312458670 2
125304678 1
125304678 2
312475068 1
125304678 2
042135678 1
042135678 2
310452678 1
320415678 2
125304678 1
312475068 2
312605748 1
140352678 2
312645780 1
312645780 2
310452678 1
310452678 2
032415678 1
032415678 2

// 6
142307685 1
320615748 2
125348067 1
312408657 2
142705368 1
154302678 2
312705468 1
125308647 2
312658740 1
312458067 2
420135678 1
325418670 2
125308647 1
042175368 2
312407685 1
125634078 2
025134678 1
012365748 2
125634078 1
125374068 2
310642785 1
310472685 2
142635780 1
432105678 2
014352678 1
312604785 2
125634078 1
420135678 2
310642785 1
432105678 2
312407685 1
012365748 2
310642785 1
125308647 2
312458067 1
310642785 2
320615748 1
125374680 2
310642785 1
312604785 2
312765048 1
310472685 2
310642785 1
432105678 2
142307685 1
312604785 2
142605738 1
125348067 2
312705468 1
125348067 2
310642785 1
125348067 2
032615748 1
125634078 2
142308657 1
420135678 2
320615748 1
025134678 2
312658740 1
320615748 2
014352678 1
310642785 2
142635780 1
012375468 2
031452678 1
142605738 2
142307685 1
142635780 2
310642785 1
312658740 2
142605738 1
312658740 2
125634078 1
312765048 2
125374680 1
025134678 2
312705468 1
325401678 2
310642785 1
125374680 2
312705468 1
312658740 2
310642785 1
014352678 2
012365748 1
351402678 2
432105678 1
320615748 2
125348067 1
125348067 2
310642785 1
142635780 2
312458067 1
310642785 2
142308657 1
320615748 2
312765048 1
432105678 2
142307685 1
312408657 2


// 8
235104678 1
312508467 2
140652738 1
162305748 2
350421678 1
035421678 2
432175068 1
032715468 2
140652738 1
351642078 2
125387640 1
312608754 2
154372068 1
432615780 2
312647085 1
312608754 2
325641078 1
351428670 2
431502678 1
432175068 2
012348657 1
425138670 2
140382657 1
120375468 2
012364785 1
015328647 2
125638047 1
431502678 2
312765480 1
425103678 2
125408367 1
125408367 2
142387650 1
312648057 2
235104678 1
150328647 2
312765480 1
025148367 2
420175368 1
120385647 2
142603785 1
025174368 2
312765480 1
425138670 2
120375684 1
351602748 2
031642785 1
425103678 2
351602748 1
014372685 2
432615780 1
125634780 2
425103678 1
310482657 2
325418067 1
125387640 2
125634780 1
025148367 2
125704368 1
012364785 2
312608754 1
142387650 2
142603785 1
012348657 2
154328670 1
042158367 2
315624078 1
325418067 2
025341678 1
025148367 2
420175368 1
125387640 2
250134678 1
042158367 2
431652078 1
025148367 2
051342678 1
312508467 2
125634780 1
142508367 2
031642785 1
432175680 2
125638047 1
031642785 2
125604738 1
012645738 2
025138647 1
025148367 2
125408367 1
162305748 2
025138647 1
235104678 2
432175680 1
025148367 2
312487065 1
154372680 2
042158367 1
154372680 2
314652078 1
140752368 2


// 10
425138067 1
041362785 2
125378460 1
184302657 2
025371468 1
254138670 2
250174368 1
310762485 2
025164738 1
325701468 2
351702468 1
154702368 2
154632780 1
732105468 2
127345680 1
534102678 2
235614078 1
142608753 2
312758046 1
351702468 2
142607835 1
314672085 2
125468037 1
310682754 2
632145078 1
632145780 2
125368740 1
314652780 2
312758046 1
172305684 2
245108367 1
631752048 2
170352468 1
125748360 2
012385647 1
310762485 2
162345780 1
154702368 2
160352748 1
631752048 2
042163785 1
312607845 2
042163785 1
254103678 2
154702368 1
025361748 2
158302647 1
245108367 2
245108367 1
310762485 2
315604728 1
325108467 2
631742085 1
250148367 2
632104785 1
632705418 2
631402785 1
432158067 2
341625780 1
170324685 2
045123678 1
250148367 2
732105468 1
314672085 2
250148367 1
245108367 2
312706485 1
312704865 2
235148670 1
541302678 2
472315068 1
250341678 2
432107685 1
162345780 2
042187365 1
128304657 2
632715480 1
315628047 2
350428617 1
250174368 2
324601785 1
315604728 2
275104368 1
245108367 2
340621785 1
350621748 2
325608714 1
120635784 2
340621785 1
315628047 2
245108367 1
150374682 2
012387465 1
154602738 2
712345068 1
632705418 2
162304785 1
250148367 2
158327640 1
012643785 2

// 12
142675830 1
312867045 2
430215678 1
053412678 2
341205678 1
350628714 2
427135680 1
354218670 2
124365780 1
037421685 2
125607834 1
158427360 2
162734085 1
453612078 2
371642850 1
631542078 2
430215678 1
450182367 2
184502367 1
184327650 2
612435078 1
162705438 2
063152748 1
172405638 2
428103657 1
235618047 2
012368547 1
245308617 2
154628730 1
413602785 2
123604785 1
371802465 2
632108754 1
312867045 2
512408367 1
325604781 2
125346078 1
731452068 2
341802675 1
715204368 2
162308754 1
425613780 2
035471682 1
025137468 2
125603478 1
361702485 2
134682075 1
534172068 2
254178360 1
431602875 2
025168437 1
162734085 2
420187365 1
612435078 2
142603857 1
462103785 2
054213678 1
324615078 2
351604782 1
047152368 2
045218367 1
132605784 2
470162385 1
124306785 2
125308476 1
245168037 2
632704815 1
312874065 2
710342685 1
574102368 2
610432785 1
381502467 2
125748036 1
630142785 2
254107368 1
245168370 2
154628730 1
243105678 2
240185367 1
025168437 2
125406378 1
415208367 2
432608517 1
631742850 2
125487036 1
314682057 2
125748036 1
025187364 2
541372068 1
172635084 2
341702865 1
032714865 2
381602754 1
043172685 2
158327064 1
425308167 2
061432785 1
432681750 2
162358074 1
720135468 2

// 14
162804375 1
542138067 2
254106738 1
432675810 2
351807462 1
358102467 2
370452168 1
320815647 2
412538067 1
145603728 2
025613748 1
640312785 2
612743850 1
275108346 2
154683720 1
534108627 2
150728346 1
132605478 2
125408673 1
143672085 2
143602758 1
174603852 2
314685072 1
358102467 2
514203678 1
120357648 2
042375618 1
345601782 2
014653782 1
310762548 2
120475386 1
127405368 2
631802475 1
428107635 2
731528460 1
612305478 2
325706481 1
612483075 2
541307682 1
258301467 2
145603728 1
341872065 2
315764280 1
132605478 2
623401785 1
631872045 2
128634570 1
182465370 2
054218637 1
437621085 2
412805367 1
432758016 2
450128376 1
150827364 2
164502378 1
013462785 2
741632085 1
510328467 2
258107634 1
054273168 2
180452367 1
410382675 2
254317068 1
043621758 2
431607852 1
041372865 2
235408167 1
632817045 2
631704852 1
258613047 2
125807436 1
120345786 2
125607348 1
254618037 2
631508724 1
341825670 2
327645018 1
270134685 2
340761852 1
124308675 2
031258467 1
275106384 2
172658340 1
142873650 2
631725840 1
254308167 2
310462758 1
082145367 2
027135648 1
152608347 2
254108376 1
370452168 2
031642857 1
152438670 2
512308647 1
341658072 2
063421785 1
258147036 2
124653078 1
480172365 2

// 16
158634072 1
320514687 2
318602457 1
362705481 2
215306478 1
182306457 2
514273068 1
631728045 2
017345682 1
012354687 2
145602783 1
381625047 2
420187653 1
123804675 2
015387264 1
534617082 2
482105376 1
321406785 2
310746852 1
125806734 2
047215368 1
472308651 2
345128067 1
025378164 2
063541782 1
610235784 2
258307164 1
782105364 2
015627348 1
342715068 2
312754068 1
320674815 2
140673852 1
650134728 2
145307628 1
032654718 2
142368750 1
314728056 2
315208764 1
512308476 2
381475620 1
631754820 2
328571064 1
571308426 2
381624075 1
187302456 2
123704865 1
725134068 2
182634750 1
328457160 2
043682751 1
031625478 2
125307846 1
548102367 2
625438170 1
832604715 2
250418376 1
450318627 2
317402658 1
152376480 2
157824360 1
312846075 2
417302685 1
024358167 2
324705168 1
034651728 2
045216378 1
432176085 2
624713085 1
157402386 2
120485736 1
610832754 2
426107385 1
082174365 2
458302167 1
725408316 2
714305682 1
423185670 2
028457136 1
320641758 2
072415683 1
742185360 2
258604137 1
014352867 2
318657024 1
023165748 2
024165378 1
634715082 2
580142367 1
485127360 2
015468237 1
148205367 2
031852647 1
361405782 2
512308764 1
180462375 2
610754382 1
640321758 2
327165480 1
123458670 2

// 18
625714083 1
250314687 2
032764185 1
415368720 2
285304167 1
182745036 2
184267035 1
081372564 2
072318654 1
457208136 2
142385760 1
643102578 2
471302658 1
614708325 2
570143682 1
458207163 2
120347856 1
410352768 2
038254167 1
154873620 2
327485016 1
315642870 2
381706542 1
457231680 2
253406718 1
642713058 2
015372864 1
613802745 2
158604732 1
351682047 2
026371854 1
543208617 2
571642038 1
024176835 2
348701652 1
312607458 2
274351680 1
273415680 2
132645087 1
034871652 2
241365078 1
285134670 2
481325067 1
612738045 2
341627085 1
843201657 2
046172835 1
043625178 2
457203681 1
065248173 2
310468725 1
087412356 2
625174380 1
124307658 2
264735018 1
251406378 2
643581072 1
812346057 2
047823165 1
372508416 2
483651027 1
023615478 2
043165782 1
318625074 2
280364715 1
510328746 2
173602485 1
128604375 2
742308156 1
483502671 2
126708354 1
127365084 2
763125480 1
632587410 2
210358764 1
028175364 2
275381640 1
763401852 2
762831054 1
761432580 2
084351672 1
681205437 2
763451082 1
158237460 2
340528167 1
037142685 2
045328716 1
381462075 2
142685370 1
420315768 2
734601852 1
130672485 2
754268130 1
031542687 2
614872350 1
162753084 2
317582064 1
725364018 2
042318675 1
458206137 2

// 20
057284136 1
085237146 2
763821450 1
087312465 2
451702638 1
640781352 2
257368041 1
257408163 2
147306852 1
430716852 2
250438716 1
534672810 2
285314076 1
025768413 2
450782163 1
731806542 2
610834572 1
063821547 2
520184673 1
810642753 2
580216374 1
250876134 2
143605827 1
731456820 2
410635278 1
824175360 2
523468170 1
210348675 2
724306815 1
583147620 2
483207651 1
038641725 2
031287546 1
634701258 2
063715284 1
481207356 2
152607438 1
170384265 2
013852674 1
057423168 2
630871524 1
458726013 2
025748163 1
314607285 2
253107648 1
518364072 2
840127536 1
450137628 2
485237160 1
461372058 2
843651072 1
137604285 2
361784052 1
162453780 2
612785430 1
427508163 2
627145038 1
713602458 2
621305748 1
248615370 2
185623047 1
168203754 2
380716452 1
381274650 2
025146783 1
250367418 2
372806415 1
258173460 2
732604851 1
470632851 2
075148326 1
210364875 2
145728630 1
623104875 2
584127630 1
351608472 2
058276134 1
435267018 2
258603174 1
023187654 2
542807316 1
420138765 2
361405827 1
163725840 2
248517360 1
460512378 2
583241067 1
528413670 2
051628734 1
518364072 2
743602851 1
610374582 2
140763582 1
630872541 2
320158647 1
327468150 2
458601237 1
165708324 2
358247016 1
350682741 2